== resumen ==
brazo  features     PM  cobertura  meses_mediana
    A        17 0.6285      0.186            4.0
    B        17 0.6303      0.229            4.0
    C        42 0.6086      0.244            4.0
    D        42 0.6199      0.229            3.5
    E        17 0.6386      0.189            4.0
    F        24 0.6288      0.203            3.0
    G        19 0.6243      0.226            4.0
    H        18 0.6300      0.186            4.0
    I        18 0.6224      0.229            4.0

== AUC por evento ==
                        A      B      C      D      E      F      G      H      I
tension_np_raw_6m   0.848  0.719  0.740  0.835  0.819  0.849  0.848  0.851  0.846
incumplimiento_6m   0.588  0.611  0.590  0.593  0.602  0.604  0.609  0.599  0.600
caida_6m            0.572  0.620  0.583  0.570  0.598  0.584  0.575  0.577  0.572
expansion_6m        0.506  0.571  0.522  0.481  0.536  0.479  0.465  0.493  0.472
tension_6m          0.822  0.684  0.718  0.816  0.792  0.824  0.822  0.824  0.820
entrada_estres_2m   0.637  0.552  0.546  0.632  0.607  0.653  0.659  0.652  0.649
rompe_caja_2m       0.656  0.563  0.603  0.681  0.631  0.662  0.678  0.669  0.670
tension_entrada_6m  0.562  0.602  0.622  0.611  0.588  0.620  0.605  0.574  0.595
impago_nomina_6m    0.526  0.529  0.526  0.525  0.528  0.533  0.537  0.532  0.531
impago_ss_6m        0.578  0.615  0.592  0.568  0.593  0.568  0.573  0.576  0.572
impago_iva_6m       0.599  0.610  0.594  0.641  0.613  0.646  0.648  0.623  0.634
impago_cuota_6m     0.408  0.434  0.427  0.421  0.411  0.403  0.416  0.407  0.417
impago_ap_6m        0.538  0.637  0.577  0.524  0.583  0.518  0.539  0.539  0.538
cura_3m             0.325  0.382  0.344  0.315  0.338  0.327  0.317  0.323  0.318
recaida_6m          0.566  0.506  0.485  0.532  0.540  0.532  0.543  0.566  0.543
caida_3m_corto      0.538  0.590  0.540  0.531  0.562  0.541  0.535  0.536  0.537
expansion_3m        0.518  0.529  0.501  0.511  0.524  0.516  0.511  0.516  0.511
tension_grupo_6m    0.700  0.632  0.634  0.687  0.683  0.705  0.705  0.703  0.703

== pareado A vs B (17 features · pesos del doc) ==
                    auc_a  auc_b   delta  delta_se  sigmas  p_no_mejora
evento                                                                 
tension_np_raw_6m   0.848  0.719 -0.1292    0.0133    -9.7        1.000
incumplimiento_6m   0.588  0.611  0.0230    0.0267     0.9        0.180
caida_6m            0.572  0.620  0.0483    0.0212     2.3        0.015
expansion_6m        0.506  0.571  0.0651    0.0235     2.8        0.005
tension_6m          0.822  0.684 -0.1378    0.0146    -9.4        1.000
entrada_estres_2m   0.637  0.552 -0.0848    0.0176    -4.8        1.000
rompe_caja_2m       0.656  0.563 -0.0925    0.0265    -3.5        1.000
tension_entrada_6m  0.562  0.602  0.0392    0.0374     1.0        0.090
impago_nomina_6m    0.526  0.529  0.0024    0.0305     0.1        0.405
impago_ss_6m        0.578  0.615  0.0372    0.0394     0.9        0.195
impago_iva_6m       0.599  0.609  0.0106    0.0473     0.2        0.415
impago_cuota_6m     0.408  0.434  0.0261    0.0260     1.0        0.160
impago_ap_6m        0.538  0.637  0.0987    0.0176     5.6        0.000
cura_3m             0.325  0.381  0.0564    0.0126     4.5        0.000
recaida_6m          0.566  0.506 -0.0594    0.0240    -2.5        0.990
caida_3m_corto      0.538  0.590  0.0521    0.0113     4.6        0.000
expansion_3m        0.519  0.529  0.0107    0.0103     1.0        0.150
tension_grupo_6m    0.700  0.632 -0.0685    0.0145    -4.7        1.000

== pareado A vs C (42 features del doc · pesos del doc) ==
                    auc_a  auc_b   delta  delta_se  sigmas  p_no_mejora
evento                                                                 
tension_np_raw_6m   0.848  0.740 -0.1086    0.0124    -8.8        1.000
incumplimiento_6m   0.588  0.590  0.0015    0.0216     0.1        0.500
caida_6m            0.572  0.583  0.0112    0.0253     0.4        0.375
expansion_6m        0.506  0.522  0.0161    0.0227     0.7        0.285
tension_6m          0.822  0.718 -0.1043    0.0134    -7.8        1.000
entrada_estres_2m   0.637  0.546 -0.0910    0.0202    -4.5        1.000
rompe_caja_2m       0.656  0.603 -0.0530    0.0397    -1.3        0.900
tension_entrada_6m  0.562  0.622  0.0600    0.0425     1.4        0.055
impago_nomina_6m    0.526  0.525 -0.0008    0.0282    -0.0        0.420
impago_ss_6m        0.578  0.591  0.0139    0.0300     0.5        0.325
impago_iva_6m       0.599  0.594 -0.0049    0.0370    -0.1        0.550
impago_cuota_6m     0.408  0.427  0.0185    0.0246     0.8        0.200
impago_ap_6m        0.538  0.577  0.0388    0.0136     2.9        0.000
cura_3m             0.325  0.344  0.0185    0.0137     1.4        0.065
recaida_6m          0.566  0.485 -0.0810    0.0264    -3.1        0.995
caida_3m_corto      0.538  0.540  0.0020    0.0125     0.2        0.465
expansion_3m        0.519  0.501 -0.0176    0.0091    -1.9        0.960
tension_grupo_6m    0.700  0.634 -0.0659    0.0135    -4.9        1.000

== pareado A vs D (42 features del doc · pesos calibrados) ==
                    auc_a  auc_b   delta  delta_se  sigmas  p_no_mejora
evento                                                                 
tension_np_raw_6m   0.848  0.835 -0.0130    0.0061    -2.1        0.985
incumplimiento_6m   0.588  0.593  0.0047    0.0128     0.4        0.345
caida_6m            0.572  0.570 -0.0016    0.0155    -0.1        0.550
expansion_6m        0.506  0.481 -0.0244    0.0100    -2.4        0.995
tension_6m          0.822  0.816 -0.0061    0.0060    -1.0        0.855
entrada_estres_2m   0.637  0.632 -0.0051    0.0131    -0.4        0.665
rompe_caja_2m       0.656  0.681  0.0250    0.0262     1.0        0.130
tension_entrada_6m  0.562  0.611  0.0487    0.0260     1.9        0.030
impago_nomina_6m    0.526  0.525 -0.0015    0.0136    -0.1        0.525
impago_ss_6m        0.578  0.568 -0.0100    0.0183    -0.5        0.680
impago_iva_6m       0.599  0.641  0.0423    0.0107     3.9        0.000
impago_cuota_6m     0.408  0.421  0.0127    0.0163     0.8        0.245
impago_ap_6m        0.538  0.525 -0.0135    0.0075    -1.8        0.960
cura_3m             0.325  0.315 -0.0102    0.0083    -1.2        0.850
recaida_6m          0.566  0.532 -0.0332    0.0212    -1.6        0.940
caida_3m_corto      0.538  0.531 -0.0075    0.0070    -1.1        0.860
expansion_3m        0.519  0.511 -0.0074    0.0047    -1.6        0.930
tension_grupo_6m    0.700  0.687 -0.0129    0.0071    -1.8        0.975

== pareado A vs E (17 features · mezcla 50/50 de calibrado y doc) ==
                    auc_a  auc_b   delta  delta_se  sigmas  p_no_mejora
evento                                                                 
tension_np_raw_6m   0.848  0.819 -0.0289    0.0047    -6.1        1.000
incumplimiento_6m   0.588  0.602  0.0135    0.0107     1.3        0.105
caida_6m            0.572  0.598  0.0258    0.0087     3.0        0.000
expansion_6m        0.506  0.536  0.0301    0.0126     2.4        0.005
tension_6m          0.822  0.792 -0.0302    0.0048    -6.3        1.000
entrada_estres_2m   0.637  0.607 -0.0297    0.0089    -3.3        1.000
rompe_caja_2m       0.656  0.631 -0.0249    0.0110    -2.3        0.990
tension_entrada_6m  0.562  0.588  0.0261    0.0193     1.4        0.065
impago_nomina_6m    0.526  0.528  0.0018    0.0122     0.1        0.365
impago_ss_6m        0.578  0.593  0.0155    0.0147     1.1        0.165
impago_iva_6m       0.599  0.613  0.0142    0.0192     0.7        0.220
impago_cuota_6m     0.408  0.411  0.0026    0.0115     0.2        0.410
impago_ap_6m        0.538  0.583  0.0453    0.0059     7.7        0.000
cura_3m             0.325  0.337  0.0124    0.0047     2.6        0.000
recaida_6m          0.566  0.540 -0.0261    0.0136    -1.9        0.960
caida_3m_corto      0.538  0.561  0.0232    0.0043     5.4        0.000
expansion_3m        0.519  0.524  0.0055    0.0040     1.4        0.085
tension_grupo_6m    0.700  0.683 -0.0170    0.0056    -3.0        1.000

== pareado A vs F (17 + 7 features del doc que el brazo D calibró con peso · calibradas) ==
                    auc_a  auc_b   delta  delta_se  sigmas  p_no_mejora
evento                                                                 
tension_np_raw_6m   0.848  0.849  0.0004    0.0040     0.1        0.475
incumplimiento_6m   0.588  0.604  0.0155    0.0104     1.5        0.080
caida_6m            0.572  0.583  0.0115    0.0103     1.1        0.150
expansion_6m        0.506  0.479 -0.0263    0.0088    -3.0        0.990
tension_6m          0.822  0.824  0.0018    0.0049     0.4        0.395
entrada_estres_2m   0.637  0.653  0.0160    0.0100     1.6        0.075
rompe_caja_2m       0.656  0.662  0.0064    0.0245     0.3        0.340
tension_entrada_6m  0.562  0.620  0.0578    0.0218     2.7        0.000
impago_nomina_6m    0.526  0.533  0.0070    0.0105     0.7        0.240
impago_ss_6m        0.578  0.568 -0.0096    0.0131    -0.7        0.740
impago_iva_6m       0.599  0.646  0.0468    0.0121     3.9        0.000
impago_cuota_6m     0.408  0.403 -0.0055    0.0111    -0.5        0.720
impago_ap_6m        0.538  0.518 -0.0197    0.0074    -2.6        1.000
cura_3m             0.325  0.327  0.0016    0.0070     0.2        0.350
recaida_6m          0.566  0.532 -0.0338    0.0170    -2.0        0.970
caida_3m_corto      0.538  0.541  0.0030    0.0049     0.6        0.310
expansion_3m        0.519  0.517 -0.0020    0.0043    -0.5        0.695
tension_grupo_6m    0.700  0.705  0.0048    0.0063     0.8        0.225

== pareado A vs G (17 + las 2 features del doc que pagan solas · calibradas) ==
                    auc_a  auc_b   delta  delta_se  sigmas  p_no_mejora
evento                                                                 
tension_np_raw_6m   0.848  0.848 -0.0003    0.0033    -0.1        0.530
incumplimiento_6m   0.588  0.609  0.0207    0.0090     2.3        0.010
caida_6m            0.572  0.575  0.0034    0.0082     0.4        0.350
expansion_6m        0.506  0.465 -0.0407    0.0100    -4.1        1.000
tension_6m          0.822  0.822  0.0004    0.0033     0.1        0.485
entrada_estres_2m   0.637  0.659  0.0223    0.0072     3.1        0.000
rompe_caja_2m       0.656  0.678  0.0221    0.0198     1.1        0.085
tension_entrada_6m  0.562  0.605  0.0430    0.0156     2.8        0.000
impago_nomina_6m    0.526  0.537  0.0103    0.0089     1.2        0.110
impago_ss_6m        0.578  0.573 -0.0047    0.0104    -0.5        0.650
impago_iva_6m       0.599  0.648  0.0493    0.0083     5.9        0.000
impago_cuota_6m     0.408  0.416  0.0077    0.0080     1.0        0.160
impago_ap_6m        0.538  0.539  0.0006    0.0052     0.1        0.515
cura_3m             0.325  0.317 -0.0078    0.0043    -1.8        0.980
recaida_6m          0.566  0.543 -0.0230    0.0139    -1.6        0.950
caida_3m_corto      0.538  0.535 -0.0028    0.0037    -0.8        0.800
expansion_3m        0.519  0.511 -0.0077    0.0034    -2.3        0.980
tension_grupo_6m    0.700  0.705  0.0046    0.0051     0.9        0.190

== pareado A vs H (17 + payroll_continuity_6m (aísla la nómina)) ==
                    auc_a  auc_b   delta  delta_se  sigmas  p_no_mejora
evento                                                                 
tension_np_raw_6m   0.848  0.851  0.0028    0.0019     1.5        0.065
incumplimiento_6m   0.588  0.599  0.0112    0.0059     1.9        0.035
caida_6m            0.572  0.577  0.0047    0.0050     1.0        0.175
expansion_6m        0.506  0.493 -0.0130    0.0047    -2.7        0.995
tension_6m          0.822  0.824  0.0020    0.0014     1.5        0.080
entrada_estres_2m   0.637  0.652  0.0148    0.0036     4.1        0.000
rompe_caja_2m       0.656  0.669  0.0133    0.0083     1.6        0.040
tension_entrada_6m  0.562  0.573  0.0112    0.0062     1.8        0.030
impago_nomina_6m    0.526  0.532  0.0058    0.0042     1.4        0.105
impago_ss_6m        0.578  0.576 -0.0020    0.0059    -0.3        0.555
impago_iva_6m       0.599  0.623  0.0238    0.0068     3.5        0.005
impago_cuota_6m     0.408  0.407 -0.0014    0.0041    -0.3        0.640
impago_ap_6m        0.538  0.539  0.0006    0.0027     0.2        0.390
cura_3m             0.325  0.323 -0.0024    0.0021    -1.1        0.880
recaida_6m          0.566  0.566  0.0004    0.0058     0.1        0.500
caida_3m_corto      0.538  0.536 -0.0023    0.0020    -1.2        0.895
expansion_3m        0.519  0.517 -0.0020    0.0019    -1.0        0.830
tension_grupo_6m    0.700  0.703  0.0028    0.0022     1.3        0.105

== pareado A vs I (17 + tax_miss (aísla el IVA, que además es primo del veto)) ==
                    auc_a  auc_b   delta  delta_se  sigmas  p_no_mejora
evento                                                                 
tension_np_raw_6m   0.848  0.846 -0.0023    0.0027    -0.9        0.805
incumplimiento_6m   0.588  0.600  0.0117    0.0071     1.6        0.070
caida_6m            0.572  0.572 -0.0002    0.0066    -0.0        0.555
expansion_6m        0.506  0.472 -0.0338    0.0081    -4.2        1.000
tension_6m          0.822  0.821 -0.0014    0.0032    -0.5        0.685
entrada_estres_2m   0.637  0.649  0.0118    0.0067     1.8        0.040
rompe_caja_2m       0.656  0.670  0.0138    0.0193     0.7        0.190
tension_entrada_6m  0.562  0.595  0.0324    0.0181     1.8        0.035
impago_nomina_6m    0.526  0.531  0.0045    0.0077     0.6        0.275
impago_ss_6m        0.578  0.572 -0.0058    0.0091    -0.6        0.750
impago_iva_6m       0.599  0.634  0.0354    0.0079     4.5        0.000
impago_cuota_6m     0.408  0.417  0.0089    0.0069     1.3        0.115
impago_ap_6m        0.538  0.538  0.0004    0.0048     0.1        0.520
cura_3m             0.325  0.318 -0.0067    0.0038    -1.8        0.955
recaida_6m          0.566  0.543 -0.0229    0.0134    -1.7        0.960
caida_3m_corto      0.538  0.537 -0.0015    0.0030    -0.5        0.670
expansion_3m        0.519  0.511 -0.0072    0.0028    -2.5        0.995
tension_grupo_6m    0.700  0.703  0.0032    0.0047     0.7        0.240

== pareado Aexp vs Gexp (nota de expansión, pesos propios) ==
              auc_a  auc_b   delta  delta_se  sigmas  p_no_mejora
evento                                                           
expansion_6m  0.583  0.568 -0.0147    0.0050    -2.9        0.995
expansion_3m  0.553  0.550 -0.0033    0.0017    -1.9        0.965